16255280	228
16257399	26387.97
16253192	103360
16256046	844.92
16256196	196.2
16257416	7232.4
16256264	582.52
16256703	263.9
16256572	30864.12
16251211	12.5
16256585	2346
16254714	8406
16254078	155.04
16255017	59
16256585	3778.5
16253501	129.15
16256703	2796.1
16251184	12.5
16253831	147.5
16251647	118.56
16254143	-189.42
16256572	56691.81
16256703	30396
16253159	19.58
16257172	5616.8
16257381	12.9
16256135	648
16256421	3515
16257894	688.1
16254898	7283.64
16256135	1843
16251486	210.7
16256766	558
16258884	-8560
16256911	198
16257920	14256
16256556	57.04
16251235	72
16254749	40.57
16251531	49.88
16257692	12.9
16256539	2679.3
16252511	116.82
16256585	508.2
16253607	431.7
16256413	17746.2
16256153	241.87
16257920	1766.4
16256465	8335.18
16257964	5004.15
16257098	45.82
16256572	2588.25
16256306	47.98
16253532	2720.25
16251706	53.72
16253882	1.8
16254420	280
16251631	43.19
16254325	42030
16257336	217.72
16255503	5132.4
16258160	-9.38
16250512	14900
16256304	5753.7
16254055	149.7
16257352	9450
16253531	7108
16255673	-660.19
16255951	90.96
16256717	877.98
16256222	39862.8
16253607	798
16256242	7216.8
16257191	775.2
16254096	90
16254384	463.5
16251641	214.35
16253043	746.63
16254409	578.55
16254082	179.4
16254705	181.3
16255435	1695
16252768	192.5
16253218	67.44
16256719	22252.86
16258031	602.91
16256341	65.1
16256504	106.86
16255951	810
16252725	47.49
16257577	8085
16251670	109.44
16254400	47.4
16258137	3572.8
16254185	442.5
16257388	219.15
16256462	200
16250201	7413
16253279	30.6
16257577	79596
16256572	5278
16257944	4233.6
16251216	4.8
16257755	2592
16254420	20.2
16257577	13443
16258035	13885.2
16251870	34.66
16250585	250
16255499	15.8
16254595	46.31
16255913	841.31
16254415	128.8
16248560	465.9
16253607	2235.6
16252499	87.77
16254822	146.9
16255426	479.8
16256161	164.43
16256409	29580
16257893	4482
16253137	260
16250449	10500
16256727	15463.73
16255422	126.5
16253730	10.4
16255073	358.1
16257416	10361.6
16252108	6804
16255061	158.49
16256436	7
16252463	1537.79
16254184	12.06
16252422	35020
16257970	-52.3
16257546	10335
16257555	-150.54
16253452	16.59
16251250	3.5
16255199	26.3
16256409	624.64
16253607	94.3
16257707	550.13
16257416	62820
16253463	1486
16254229	800
16256976	1010
16253274	590
16252093	447.2
16257893	27645
16255546	46.7
16253884	8
16257392	320
16251687	27.23
16257416	21760
16258041	1628.4
16257944	1159.5
16251060	25
16255890	6720
16253340	11.46
16253730	511.78
16253535	370.04
16255542	56.78
16257416	14688
16252650	49.74
16250448	134.2
16252056	2941.2
16258318	9.63
16258114	-23.46
16253325	-540
16257381	9
16254076	87.77
16257757	366.86
16257577	20324
16254411	413.9
16253006	1156.98
16250431	1762
16253537	9783
16257997	13810.2
16258247	95
16255499	32.77
16254081	87.77
16257893	4234
16255115	64.49
16258001	34440
16253032	87.77
16255173	436.77
16258053	7224
16257893	4173
16256976	3
16251944	71.3
16251547	5080
16256904	49.74
16251803	27.23
16256542	800
16256153	358.7
16256572	9049.74
16257677	-1452.5
16256542	748.2
16256700	7079.63
16256733	852.6
16256447	3813.56
16255209	275.07
16254605	114.82
16258220	155.43
16257577	8666
16256585	1426
16254762	71.26
16256454	564.54
16253850	16
16253254	152.36
16255431	148.6
16256700	7052.22
16257453	337.2
16251494	4134
16258137	4004.78
16254924	1980
16257558	-37.42
16255171	2194.43
16256125	788.2
16251522	271.01
16254458	3.38
16251149	27.41
16253013	178.1
16253012	904.67
16258050	4096
16257856	41097.12
16255554	272.2
16256155	1921.19
16251675	32.6
16252651	27
16253023	190
16258837	-4073.4
16252047	59.6
16257122	17.7
16255230	7976.28
16257411	18906
16256142	375
16249909	10964
16258029	602.4
16254405	10.67
16257408	141.29
16255035	93.6
16255913	1463.63
16255264	114
16256509	53.58
16256472	5684
16257398	18856
16256585	3030
16256472	81301.5
16252524	12.84
16256088	3303.36
16254277	111.72
16252508	60
16256254	1092.55
16254656	25.76
16257893	3400
16252494	2142
16257398	810
16253908	11952.64
16248807	105.56
16256719	5563.21
16256117	38.19
16257965	5.8
16255951	2902.5
16250347	25
16253537	160
16258129	25963.5
16256717	18825.41
16254827	123.14
16255960	6.8
16256748	675.38
16256142	3498
16256955	670.8
16251869	94.8
16258668	-2575.2
16255256	114
16253192	62592
16255271	114
16253055	288.78
16257399	39872.45
16258076	68720
16253627	1508.1
16255499	2.4
16257920	548.4
16258041	169.28
16256463	26454.96
16255913	1202.98
16256465	10150
16256119	8814.26
16250374	12.5
16253530	4250.4
16253626	1563.6
16257863	6372
16255615	-8803.62
16254804	109.32
16257172	5939.1
16256919	4896.36
16257237	2376.15
16253607	575.4
16255236	228
16254229	2472
16254070	124.35
16253498	53
16251215	150.6
16254596	186
16254876	13.14
16255232	478.57
16257964	10076.92
16253507	123.66
16256946	177.02
16258206	12312
16253741	11
16257965	14
16255261	251536.2
16255938	383.1
16256135	6040
16257874	5996
16257945	5250
16253627	55.8
16254388	79.2
16258180	-52.2
16256203	49536
16250430	460320
16251547	1368
16254845	33189.6
16257172	1076.4
16256676	102.15
16258826	-710.24
16253467	39.9
16250561	481.3
16255499	66.75
16257256	356.7
16257374	210.1
16257150	93090
16257863	1040.8
16253273	145.59
16258176	-190.41
16257392	1652.7
16255241	114
16258318	32
16257416	49935
16251194	197.5
16256749	3423
16254140	335.58
16256717	2496.9
16253819	1455.9
16252230	350.18
16253140	491.2
16251120	11.5
16256766	168
16255100	170.09
16257392	902.5
16251902	87.78
16254763	49.86
16253269	65
16255240	114
16254420	36.6
16256585	2256
16250542	487.5
16255288	114
16253282	590
16253506	87.2
16257352	47600
16257829	4050
16256335	6.4
16256593	30.2
16251530	20740
16254649	86.4
16252654	185.7
16257067	7200
16254554	47.12
16258894	-68040
16252140	144.8
16253023	126.8
16254062	37.18
16256786	3047.03
16253607	753
16252892	43
16252597	25.16
16256341	31.9
16252239	35
16255573	97.5
16252498	131.8
16252655	48.39
16256265	33.18
16257577	234.6
16256222	19092
16255361	14099.4
16256315	108.52
16252315	590.2
16257913	20510
16254420	300
16254138	13.55
16258297	530.6
16257399	11133.33
16255209	4843.58
16257784	1271.7
16257577	17475.6
16256919	7507.75
16256498	97.5
16251268	54.82
16250431	1990.8
16252895	54.46
16254761	161.04
16256153	396.46
16253583	80.58
16256976	177.75
16253889	3.6
16254247	1580
16251663	4230
16256766	240
16256699	87.06
16258318	26.4
16254231	442.5
16252277	23.84
16256572	10651.41
16256593	48
16258113	47259.9
16257399	36379.22
16254072	223.2
16252500	87.77
16251144	12.5
16257381	35.84
16256409	14790
16252903	1994.88
16251529	393.82
16253128	36
16254606	67.68
16253537	81.63
16257381	3.3
16258001	13348.8
16255512	0.1
16255930	4902.04
16257526	233
16252597	11.3
16255149	198
16252485	96.26
16250431	20688
16253045	3185.16
16256447	1867.6
16252697	10.5
16253522	28.8
16254811	103.36
16253620	17427.32
16251891	14.48
16253910	1409.84
16251520	100
16254850	3754
16256700	2863.32
16253007	954.3
16257577	9216
16255890	5208
16256472	6394.5
16249623	5042.52
16256717	656.91
16258118	-20.4
16256125	62.08
16252687	69.15
16256766	990
16257755	1944
16256277	224.55
16256447	4138.86
16256301	2609
16250201	1504
16254740	37
16254229	206.7
16255499	50.2
16254924	480
16251648	23.7
16254617	3.63
16256217	65.4
16257577	696
16255805	4300
16255426	617.7
16257416	1620
16257526	1295
16256926	1507.78
16253101	28.8
16252655	98.54
16254458	8.95
16257399	10980.27
16254419	74.7
16254303	465.5
16256390	64
16256288	840.93
16256447	3907.75
16256302	9585.18
16252726	1436.31
16253217	26.08
16257399	27283.2
16256297	100719.6
16257381	20
16257172	5420
16253741	60
16251673	89.37
16255017	34
16257944	6147
16254212	77.28
16252651	61.78
16254677	44.16
16256038	10449
16251682	95
16254068	179.4
16253582	12.5
16258247	129.04
16256472	5610.72
16258084	466.9
16256717	3010.49
16255223	3496.68
16257351	2288.62
16252668	748
16256585	9376
16256447	846.08
16257757	3063.78
16257398	10160
16257398	3151.5
16250449	1368
16257352	52920
16257913	822.6
16255968	1072
16257935	-19.09
16254234	13.89
16251547	59980
16257920	1348.5
16256254	101.5
16253826	8
16254574	14763.6
16251971	25.34
16253043	767.85
16252469	19.58
16253790	189.44
16255371	374.27
16256175	1488.24
16251391	11.5
16256585	172.5
16258043	393.82
16254885	112.8
16250501	3192
16258876	-46128
16257944	159.11
16256789	18906
16256585	264
16253485	249.34
16256153	462.84
16258913	-57355.2
16257392	1322.7
16257172	46638
16251921	14.48
16258218	783
16253792	649.48
16257172	14168
16254527	4.8
16258373	2060
16256447	1569.91
16258001	6276.02
16251163	80.36
16258665	-1427.94
16254924	93
16257874	5376
16257900	108.52
16250448	19.78
16255258	114
16257172	9507
16253760	172
16258239	7440
16256703	525.63
16253664	6030
16250520	10.5
16254796	7.8
16251654	19.4
16256290	15.6
16253023	23764.4
16251973	81.69
16255149	315.2
16253096	125640
16257920	10200
16255017	15
16257853	16062
16255951	3141
16256542	2900
16258666	-3275.2
16253024	179.57
16254281	19.86
16252936	55.3
16257944	11200
16256483	303.6
16254959	11.85
16252736	61.86
16254073	43.19
16253158	252.9
16256287	27.5
16258085	13248
16253688	201.6
16257920	175
16257115	6576
16258104	-2319.2
16258145	995
16258051	3495.6
16250449	20688
16257628	12963.88
16258847	-3540
16257416	6330
16250201	2186.1
16252625	67.44
16255499	1037.8
16253607	126.46
16248474	29526
16257977	410.4
16257577	6336
16250814	10580
16255890	5600
16253029	73.4
16255162	132.6
16257416	2944
16252411	156.75
16257416	75240
16255287	114
16256447	2289.84
16253688	134.1
16255890	7480.48
16257024	4052.2
16258119	14
16255125	3.5
16257416	4096.8
16252979	17342.64
16255220	114
16253607	422
16257893	5700
16251907	25
16256602	32932.8
16255252	114
16256548	125.12
16256254	626.26
16256276	44.24
16254083	49.74
16250542	24.7
16257893	2200
16256749	2280
16258243	44.4
16253915	25.5
16258247	179
16254164	873.78
16251955	51.52
16254071	129
16256568	453.9
16252956	2217.6
16250504	4440
16257398	13156.8
16256926	299.63
16251558	581.3
16253509	144.39
16255695	-820
16254649	110
16255376	1572.3
16256703	3376.3
16254695	1180.5
16257920	3032.4
16252284	26
16255720	-129.72
16254401	252
16252785	44.31
16257488	36976.1
16256704	14007
16256973	8623.44
16257829	5738.04
16256421	1311
16256395	36.52
16252339	39230.64
16256192	83.01
16251225	44.64
16255684	-250.6
16254154	3502
16253664	5080
16256766	2560
16251934	88.71
16257783	133.4
16253531	4631
16253099	415.12
16254959	52.8
16257874	910
16249869	2634.5
16257577	6336
16257169	460.8
16253101	285
16254825	17
16255025	52
16258116	5801.6
16251167	36
16257432	4962.5
16257377	57.5
16257577	9661
16252497	291.18
16253730	123.26
16254054	90.24
16258135	21816
16253894	1786.4
16254420	67.16
16256593	425.96
16257529	446.07
16254599	12.6
16256806	115.6
16253275	117.3
16254349	2285.4
16251927	346
16254604	87.77
16252597	504
16251681	26.86
16251182	180.84
16253595	23.05
16257933	-20.09
16257166	9661
16254642	63.7
16253531	25128
16256769	107.37
16251025	37.2
16251906	162.78
16252952	147.5
16256123	8418.82
16252363	96138
16257577	10080
16256326	333.95
16255422	1200
16257381	259.4
16254627	133.32
16253542	23.7
16253607	16104
16251547	61128
16253208	5054.64
16256676	21.5
16253741	10.9
16253340	5.2
16252015	69.15
16252602	67.44
16256709	59
16253333	33
16258218	836
16251652	103.04
16258269	1370.25
16256723	138.1
16255499	148.5
16253835	128.3
16255416	173.5
16256568	1622.4
16257577	31923
16257798	21996.8
16254530	84.64
16253306	11
16254648	206.08
16255474	10044
16253530	3289
16256254	2081.26
16253491	179.4
16255084	1858.97
16256058	1944
16253101	193.8
16256465	1461.6
16257383	786.83
16258043	445.38
16257399	25192.3
16253531	24042
16257193	910.8
16257321	257.91
16258893	-6256
16250431	27564
16252787	166.2
16257172	5620
16253340	1792.16
16255376	616.5
16255714	-8101
16254638	23.05
16258143	-19.86
16255708	-5.65
16252685	23.05
16250326	0.3
16257172	52.6
16250421	121.3
16250351	79.8
16255257	456
16255710	-2242
16256842	4757.51
16257098	183.28
16258318	99
16255000	712.8
16253493	154.56
16258005	6096
16256472	3410.4
16257577	22315.2
16256258	1302.9
16258024	834.33
16254059	47.5
16257381	17.1
16253012	900.81
16258664	-1427.94
16253531	1030.3
16253531	647.5
16256551	71.94
16256324	11071
16257570	1214
16253209	1260.75
16254715	173.5
16255554	1322.5
16256189	25.38
16250773	40
16257416	16730
16252471	88.18
16258700	10177.3
16253906	147.81
16253358	29.79
16253244	77.28
16255854	14420
16257880	13
16257890	837
16252239	182.4
16256585	35664
16252655	63
16256842	3355.59
16256837	5462.5
16253037	178.11
16255499	459.28
16252340	383.78
16257944	533
16257577	2726.2
16257890	2783.3
16256472	10681.86
16253607	348
16253012	141.59
16258147	995
16249909	20976
16253802	8
16257798	772.5
16255281	55.89
16251860	43.44
16254622	69.15
16257352	189
16257456	142.5
16255008	9000
16255058	63
16257399	24912.97
16256749	7590
16258243	60.78
16257913	1440
16256766	400
16257392	1196.1
16256593	53.8
16257392	1794
16252921	253.6
16254560	2304
16256300	10.4
16253141	21.5
16256259	1627.8
16253607	3235
16255913	776.6
16252502	47.4
16250773	0.01
16255426	21120
16257913	2600
16257964	14567.28
16255248	114
16258318	4.65
16256454	16245.08
16252160	55.2
16257392	319
16254563	30.89
16253061	54264
16253607	3426
16256585	3198
16257577	6441.6
16256877	2135
16252109	442.5
16256335	10.58
16253039	234.36
16258923	-43560
16255186	2700
16257981	-14.14
16257857	9784
16257416	2700
16257682	-82.95
16257921	-59
16257863	524
16255148	183.6
16255222	33996
16254626	51.68
16253122	22.54
16256749	1906.1
16254692	1763.06
16255171	8436.88
16253365	19.29
16257612	200
16253620	31265.28
16254420	88.32
16256447	435.86
16254776	37.37
16252651	50
16257470	12.9
16251230	48
16257893	28206
16255891	943.92
16256230	12578
16255951	5699.2
16251903	9.07
16257172	49267.8
16257944	11700
16256170	1018.86
16252942	8292.96
16253664	7984.8
16251920	72.4
16258898	-43240
16253497	203.85
16253043	3957.28
16253043	809.97
16252284	763.04
16256585	6460
16254060	119.66
16256439	29
16253901	436
16258882	-6071.52
16255627	133.86
16256274	23.05
16258306	-2692.69
16256135	10840
16258049	1224
16256054	2140.2
16250516	22224
16256475	17874.15
16258288	103.95
16257913	200.5
16252624	352
16256175	1020.48
16253537	512.8
16258137	469.95
16251249	12.5
16252861	119.66
16256802	9054
16253864	55.18
16255352	1467.5
16250561	17.62
16255376	466.5
16254063	51.52
16239584	135.2
16256727	5404.88
16257194	3318.96
16251525	1585.5
16256766	276
16257382	43047.37
16257352	441
16257920	5376
16252055	-2910.6
16255171	7330.33
16257021	34.2
16257577	210.15
16255616	-250
16253506	7716
16257698	1444.06
16257868	397.32
16250173	6000
16254420	190
16251905	257.9
16254615	203.52
16256507	850
16253607	2182.8
16252486	144.4
16254807	18.59
16252335	452.2
16258001	70
16257913	1008
16252750	256
16257172	4127.5
16257792	1882.22
16255131	96.26
16253607	9918
16258171	-29.16
16256477	10085.04
16257416	20868
16253309	596
16256919	24180.71
16256758	240
16257577	66348
16255296	6900
16251923	14.97
16254647	69.15
16256104	16
16257325	14055.72
16254959	1699
16257386	2750.24
16257965	25.76
16256457	2241.12
16256585	203.28
16257432	8343.6
16257179	21.9
16256463	13468.64
16258900	-2385
16257416	5400
16253688	93.84
16251952	25.34
16257893	9024
16256339	25.2
16257920	1560
16256269	3
16257256	38080
16251926	349.92
16256650	31850.91
16255376	203.7
16256585	4658
16255424	5.2
16254669	25.34
16256766	70
16255499	46.34
16254391	26.04
16254649	74.28
16256585	1485
16255951	319.6
16258001	18.4
16252495	107.64
16254802	100.45
16254300	11040
16254388	74.09
16251922	144.8
16256593	104.5
16251451	43
16256585	3329
16249888	306
16254825	8.5
16255721	-621.3
16257416	1264
16250420	1272.3
16257256	3780
16256585	300
16255279	228
16252509	26.92
16252067	96.26
16256301	64
16254721	5.32
16254560	1899.9
16254580	46.1
16257172	1620.42
16252573	207
16257399	21660.1
16255261	57412.8
16252596	634.95
16254714	6916
16257315	54316.8
16254420	4.69
16257469	243
16256153	807.94
16255272	228
16245350	1205.36
16254409	1505.45
16251889	50.64
16253305	42.3
16256341	116.43
16254663	-19811.4
16257987	-82.72
16256791	3501.75
16256263	12.5
16255180	611.44
16254705	18.71
16256135	3892
16257920	14.8
16251655	47.4
16257237	29238
16257577	7846.4
16256123	7362.81
16255130	800
16253268	7994.4
16257399	6596.99
16253523	110.4
16255474	375
16251943	25.34
16253380	20497.68
16254959	87.3
16255693	-157.3
16253531	474
16257392	274.1
16250201	13608
16253012	1236.27
16254852	5850
16254153	25.76
16255625	248.68
16254959	85.54
16256766	360
16256447	5131.84
16256370	62.4
16255017	28.2
16256793	765.35
16256585	6896
16252102	639.45
16251959	4.36
16255474	2588
16251894	14.48
16249623	2521.26
16251208	12.5
16253848	219.15
16256976	279.2
16256248	31690
16257260	36
16256585	3428
16255849	4203
16256123	236.55
16252653	2
16254808	10.67
16251944	71.3
16252139	23.05
16258135	5140
16252903	2865.8
16257399	59165.57
16255145	64.57
16253035	172
16255503	92.55
16250434	660
16257172	2163.6
16255222	18240
16257398	112104
16256936	474
16257577	5541
16253860	8
16255130	306.8
16256171	318.2
16257893	950.46
16250802	5249.58
16258085	10989
16258880	-6256
16252949	228.24
16251250	17.5
16252493	48.13
16252652	359.94
16256465	6244.28
16254057	87.77
16257920	23079
16255689	-2101
16249869	2315.5
16254806	80.95
16257399	21660.1
16255859	2805
16258318	23.5
16255171	4920.72
16251514	1000
16256135	95.7
16251656	22.12
16251194	128
16256454	2258.17
16253903	727.95
16252531	12.5
16254544	69.15
16252624	1159.5
16256300	17.2
16255373	0.1
16256815	172.8
16255120	32.4
16255554	59.56
16257399	22266.66
16248807	1169.28
16257977	6072
16255499	42.6
16257893	24376
16253607	5768
16255138	8669.12
16255854	540.54
16256766	560
16255890	18138
16251904	257.9
16257953	-73.85
16256976	96
16257172	138062.2
16254077	55.09
16253607	423.4
16254994	10312.4
16254959	240
16252650	149.22
16252938	147.5
16254063	77.28
16251990	137.95
16257477	25.87
16254989	66.32
16256919	5439.59
16253109	1175.67
16253296	75
16252704	13260
16257836	127.83
16256676	96
16258748	-11
16256545	1588.8
16257432	1050
16253024	125.86
16253537	516.6
16257577	9120
16256735	677.51
16254061	47.4
16252818	11.2
16254579	257.29
16250542	15.84
16252745	22.56
16250542	286.75
16256545	106
16256766	930
16251567	99.4
16257535	541.8
16253044	104
16251666	48.5
16257965	136.8
16253456	262.6
16254558	170.34
16253607	3010.7
16255299	155.73
16252034	469.32
16257150	19913.76
16258247	66
16254498	93.25
16253531	12900
16256585	37544.5
16253192	250
16256472	4896.36
16253099	622.68
16254723	127.74
16253537	910
16257874	7900
16257416	5520
16257798	26688
16256968	32.58
16251877	44.16
16251161	9.6
16253517	215.28
16254229	4290
16257022	165.6
16257392	121.3
16252555	35240
16256585	2160
16256330	161.65
16253047	2958.03
16254593	61.78
16256553	-5848
16249869	85
16252571	19.58
16255176	186
16254641	103.36
16253607	171
16257964	4297.51
16254053	178.11
16257545	9800.03
16253043	849.56
16256301	1652.7
16250542	28.5
16254133	150.5
16258901	-1590
16256058	21
16257399	12801.18
16257352	71400
16250430	3250.8
16253537	48.48
16255435	126090
16256332	255.8
16257299	247.5
16257530	1095.75
16258862	-901.6
16257920	12570
16254803	48.13
16257381	24.58
16256326	32.5
16257962	-8.46
16258899	-24286.08
16252239	24.87
16254828	1037.8
16257577	26280
16253607	7585.2
16254996	407.8
16254193	442.5
16252529	26.92
16255913	19977.69
16258660	-2673
16253463	488.2
16257377	78.72
16253496	121.3
16251931	4133.52
16251196	122.38
16256707	98.05
16257502	18996
16255017	32
16255913	5095.3
16257752	38.98
16255697	-1610
16255244	114
16256248	557.1
16255054	25.34
16256135	5945.6
16254550	34.8
16250419	729.6
16256407	464.2
16250449	4804.8
16257416	3870
16252758	15893.5
16255267	456
16254181	103.08
16256540	104.4
16254399	48.13
16254776	10.67
16257868	2495.5
16254058	111.2
16251901	71.24
16254239	8586
16257551	318.5
16251560	60
16250472	9.26
16256585	440.9
16252108	3128
16250449	2793.6
16256135	8106
16257913	3815
16252797	700.35
16257412	4470.67
16250031	1684.48
16255259	228
16256703	4728.89
16250449	1482
16256727	10309.15
16257577	3180
16255273	114
16253741	10.9
16254649	118.83
16257392	717.6
16255010	8170.75
16254924	78
16253344	148.83
16255209	526.28
16253716	73
16251226	11.5
16250561	57
16257313	62171.4
16257874	2308
16255951	4232
16258305	-26.86
16256329	54.46
16256056	7428
16256326	270.48
16256545	356.4
16254924	31.5
16258528	19.7
16257777	866.8
16256482	2595
16257893	22358.4
16251958	15.6
16250815	44.05
16252651	175
16251650	276.4
16254204	441.6
16258119	5.4
16255554	1543
16256568	355.8
16257535	140.52
16255017	1537.5
16254786	47.4
16252338	114.82
16252095	71.06
16253677	2.18
16254556	147.5
16254888	54.26
16253318	51.68
16254616	88
16256447	1694.85
16257913	3014.4
16256447	538.56
16255142	939.89
16258125	995
16249681	19656
16251479	99.36
16253607	27078
16253866	33
16253461	140.35
16254280	24.58
16256058	30.8
16257893	40152
16256376	247.2
16256472	3864.96
16251840	110
16257920	119.25
16256919	9406.01
16249672	1692
16258031	2053.34
16254695	149.7
16257414	487.6
16257913	1837
16251863	23.7
16256929	2884
16252597	36
16256585	6819
16253537	465
16243410	338.87
16253607	538.4
16252510	53.84
16254074	541.6
16257172	3052.5
16258035	1409.84
16254594	103.36
16253543	97.9
16253340	10.13
16257392	67.1
16253537	225.4
16254466	1496.98
16256976	460
16252572	877.5
16250585	3898.8
16256479	175
16253902	596.86
16255022	15.6
16257968	1049
16257416	4752
16257893	617
16257577	10650
16257104	16351.02
16255010	2073.04
16256196	680
16255356	147
16257399	25192.3
16253305	144
16255262	114
16255474	322.6
16257597	1349.95
16251941	25.76
16254398	124.35
16257920	179928
16253101	115.2
16255437	-30.54
16254585	56
16256585	728
16255047	15.6
16253101	3258
16253192	7398
16257399	39002.8
16257937	-51.6
16252655	37.14
16256545	477
16255284	228
16251649	87.77
16254108	245
16256568	150
16255222	22827.15
16257577	11121.6
16250375	1259.5
16256730	1194.86
16256301	2204.5
16256893	8114
16254139	270.84
16253607	146.28
16257345	22992
16256568	36
16256572	4925.59
16255958	21344
16251664	58.52
16256766	35
16252928	12.5
16258034	3883.2
16256717	1152.53
16256766	1377
16257920	850
16254704	1018.8
16252504	95
16256585	1965
16256806	183.5
16256793	355.76
16250870	1470
16254577	9.93
16256313	9.93
16257172	1061.7
16255209	37.15
16253779	15.31
16253688	26.5
16257755	1000
16253532	6347.25
16257913	1728
16253612	5704.8
16253523	99
16255975	639.6
16250780	228.8
16252655	74.84
16250807	1700
16254887	136.15
16255352	17774.4
16254705	335.4
16251709	175.54
16257392	95
16257858	16197.24
16257913	920
16252519	361
16256189	431.38
16256142	22570
16253904	159
16253664	1446.4
16256059	1616.5
16252411	16000
16251960	268.94
16252651	14
16252809	6370.34
16256537	901.6
16253101	2760.6
16257541	-18.6
16252026	219.15
16252239	125.95
16250611	91.17
16258085	2256.5
16255366	27.62
16255072	943.92
16257399	76215.33
16256059	54320
16251800	35.91
16257929	-12
16250520	12.9
16257115	6740
16256585	720
16253302	197.64
16254525	48
16256842	18322.78
16250431	2431
16257259	2761.9
16252862	147.5
16253041	3496.68
16256447	849.56
16255034	171.86
16252108	20240
16253867	8
16252596	35656
16257381	54.26
16255053	755.77
16257976	-44.32
16255125	6.17
16257416	17310
16256327	47.98
16257913	5352
16252556	71.25
16256585	355.5
16255717	-471.2
16256319	1195
16256135	130
16256745	3943.28
16254404	4.69
16256539	813
16253343	12.56
16258031	11725.28
16255890	349.8
16258127	-3168
16252721	7.9
16256310	5168
16253537	28.2
16253272	38.64
16254267	25537.05
16254603	215.95
16255938	4000
16257526	2520
16254876	12.5
16252747	522.34
16258021	825.2
16251942	19.86
16250421	74.84
16257964	62475.28
16257577	3312
16255245	114
16256719	40019.93
16256788	122
16258036	1076.42
16257370	310
16257692	82.88
16256585	48528
16251859	43.44
16256493	18.51
16251362	20.6
16253643	145.5
16257547	-16.59
16255324	216.25
16252928	7.75
16254790	767.65
16257095	129.4
16254624	25.76
16254225	1400
16252187	30900
16255835	192
16253607	453.54
16250448	48
16253359	29.79
16251248	12.5
16257416	1900
16253484	124.35
16255499	120
16256301	48.39
16252454	275.45
16254745	4.8
16256302	13821.6
16253101	25237.4
16257172	667.2
16255891	331.8
16256727	1799.6
16252601	134.88
16256766	2100
16255764	-339.1
16255892	830
16250326	2583
16256703	4101
16250471	1370.66
16253664	4044
16253870	8
16252651	27.6
16256320	59.14
16255017	29.6
16253133	69.8
16258103	-7527
16254349	12879
16255718	-1166.2
16256766	209
16255222	35712
16252101	59.4
16257964	31729.71
16253607	6780
16252526	54.82
16257685	-8.6
16251192	2.6
16257913	1188.3
16251538	-9100
16252832	28.5
16252573	2325
16254176	297.2
16257368	9740
16255209	500.6
16257893	10048
16252503	35.88
16255951	687.5
16257554	-21.6
16257398	8592
16254281	19
16252483	43.19
16253607	3240
16256219	62.5
16253607	1961.18
16257874	2000
16258031	5135.9
16255416	4554
16251705	87.77
16253537	179.84
16251194	288
16257172	1096
16253278	88.5
16256285	57.06
16258075	10612
16256142	960.12
16255980	54.88
16255891	222.4
16252013	23.05
16255171	4719.75
16254560	1106
16255890	310.86
16251246	27.41
16257577	4968
16245157	1969.1
16255098	59.07
16254549	257.29
16251324	103.36
16251540	55.42
16257537	2616
16254785	358.8
16252129	109.44
16257577	7200
16257943	-109.84
16253012	1593.04
16254086	937.48
16256717	3511.9
16256552	88.8
16254137	151.8
16253006	4627.91
16254418	129.57
16254397	99.99
16257416	3404
16251194	313.06
16253033	26
16251188	19
16256766	924
16254183	147.5
16254420	17.46
16255474	750
16252284	216.1
16251212	110.8
16257394	2986.13
16255582	7060
16255426	25950
16254052	39.36
16253922	25
16254075	77.28
16256454	6181.35
16253732	5.2
16250456	16812
16256530	441.18
16254658	114.82
16255503	3437
16251234	62.5
16257829	18906
16251522	93.99
16254715	2310
16256447	1666.12
16253324	-1260
16256786	7096.07
16251972	54.46
16256323	10.67
16255951	4057
16255435	3720
16254939	355.8
16253626	3880.9
16254326	1120.5
16257863	3461
16252496	109.32
16255422	475
16258001	1.22
16251203	49.3
16253607	138.82
16253277	87.62
16256574	77520
16256733	308.26
16251629	7.9
16254136	93.51
16253494	128.8
16255222	15000
16256721	163.8
16256585	10627.2
16253607	376.4
16255170	147.5
16255263	114
16257172	969
16256815	924
16256289	3564
16250449	1670
16256483	366
16254649	31.74
16257172	129920
16257172	385
16258037	1330.67
16250811	590.9
16250542	14
16253304	263.31
16258023	45.5
16256585	84.25
16254885	475
16257920	33336
16253896	127.4
16253161	633.64
16258001	3217
16257432	586.5
16251953	93.3
16258221	-3300
16249623	7003.5
16256023	7176
16255277	228
16254623	154.56
16255132	123.66
16252012	12
16256904	541.71
16256536	36783
16252045	156.54
16254614	128.8
16253413	982.5
16257563	93
16256421	1667.25
16256248	4327.2
16256928	139.84
16256746	206.99
16256527	56304
16252082	175.23
16256703	1977.36
16252651	13.6
16257416	32208
16253101	6840
16256585	12750
16258105	13190.94
16254090	216
16257381	85.2
16250552	1455.9
16256278	934.51
16253847	141.95
16255017	163.5
16256067	2160
16258150	995
16257913	1400
16257918	-70.62
16256409	2100
16253620	1076
16256419	16404
16257398	6444
16253828	263.31
16250522	320
16256335	37.95
16258182	-171.43
16255859	10449
16252786	91.64
16250021	5165.22
16253664	13950
16253688	84.66
16256539	717.8
16254381	88.16
16251651	178.1
16254560	550.9
16253340	3.6
16256585	4488
16253854	16
16256326	111.33
16257172	825.12
16251872	33.18
16258318	1699
16256177	32.08
16254420	46.34
16257172	758.8
16253340	4.4
16254714	5230
16255853	182.5
16254281	27.6
16251494	13702.5
16257577	2532
16257755	5120
16256465	60412.8
16258883	-5184
16253043	761.78
16256919	93712.92
16257787	827.7
16252688	716.99
16254141	311.4
16258175	-18
16254959	994
16252979	25972
16251913	178.1
16254179	442.5
16256976	345
16257858	1838.8
16255835	12.78
16256135	23520
16252191	207.56
16258687	-166.1
16250561	16.13
16253340	6
16257172	5776
16257166	2080
16256671	476.14
16257274	12.5
16254543	7.2
16255239	114
16254069	358.8
16251174	120.54
16255639	-87.36
16256135	16105.5
16256864	250
16251923	14.97
16253537	984.96
16255255	228
16254417	93.51
16256463	29764.88
16257172	1989.6
99824	100.52
16255149	157.6
16256524	1413
16257964	420.01
16258081	186.76
16253537	47
16250420	4536
16254882	185.02
16256585	119649.6
16252541	10274.28
16253607	784.8
16255222	30857.4
16253460	541.8
16256281	690
16258037	1750.88
16253531	880
16254107	42.87
16257416	1584
16256397	4161.2
16256463	54.81
16256328	9.6
16254180	271.3
16251250	4.63
16258721	-4746.28
16256257	924
16252718	3.5
16251101	120.56
16254403	46
16256058	2060.4
16258002	16448
16245527	6900
16251888	72.4
16255010	5004.15
16256216	102564.48
16254478	58.77
16252061	101.82
16251954	25.76
16256700	2400.48
16254560	1296
16252928	7.6
16257577	10000
16258212	-37.25
16252060	114.82
16254636	14.4
16256976	60
16253614	7817.1
16256142	2318.4
16255145	96.86
16250530	2461
16254812	116.07
16254768	129.64
16255222	20880
16254564	40.57
16257829	16758
16251642	714.96
16251540	71.81
16251802	23.7
16255499	66
16251183	47.5
16257788	3783
16252907	110.6
16253133	24.7
16255253	114
16253664	20760
16257172	105957.2
16256743	21378.34
16254576	90.24
16254545	2120
16252450	32.31
16256585	10560
16254420	2.8
16253785	189.44
16256842	3151.58
16258119	12.75
16254985	21.8
16257172	10611.6
16256842	4340.95
16252315	565.8
16257518	23014.8
16251643	23.7
16253531	2502
16253038	568.6
16255222	30120
16256469	1260.6
16258036	10764.2
16255276	114
16256203	16596
16257169	4305
16256453	274.4
16257526	700
16257577	159.6
16250449	56502
16256585	833.1
16253253	147.5
16252665	23.05
16251945	7.9
16256301	165.27
16252411	627.6
16252550	198.96
16253385	26
16256585	2580
16256727	5644.21
16252725	125
16256754	503.64
16258909	-152992
16257659	16.01
16257526	1512
16252203	15.48
16253495	203.85
16257559	1794
16257964	2059.94
16255278	114
16254848	998.2
16254162	96.26
16256793	710.68
16257920	7608
16250430	4500
16256394	38
16256602	13374
16254938	61.29
16250432	4608
16251892	14.48
16257893	16422
16257563	62
16253852	8
16257083	127.83
16257577	42950.4
16254850	1296
16250419	1466
16256550	538.4
16255238	114
16254204	448.75
16253043	26.27
16253607	1098.4
16252501	128.8
16256733	413.31
16256513	178.1
16256819	240
16253023	951
16257535	614.4
16255085	56.14
16256058	40.86
16254420	75
16254064	124.35
16251801	81.69
16257913	5888
16252405	35.88
16255494	97.5
16256911	5742
16257920	12160
16254420	81.3
16253024	306.3
16256447	147.38
16257577	300
16254959	24.6
16251886	3569.3
16256727	2038.12
16256192	55.34
16250430	49905
16251214	139.66
16251674	42.34
16251671	542.6
16250449	2813.6
16258914	-28677.6
16256585	3072
16256477	2696.35
16254178	21.5
16258011	10280
16252653	52.56
16258036	6997.2
16254420	34.86
16255038	244.5
16255913	1650.63
16258662	-257.6
16252719	103.78
16250453	11178
16256472	7052.22
16254392	80.76
16257900	92.91
16255711	-8326.8
16251526	1086
16257920	8046
16254420	2.87
16257897	22050
16251539	2670
16255222	10035.9
16256505	22
16254211	179.4
16258128	25867.88
16252772	16758
16257256	360
16251940	77.28
16253107	542.6
16255951	6480
16252597	26
16257150	16625
16253215	702.16
16253229	26
16258318	10.8
16250784	441
16256815	16881.54
16257964	3092.71
16255074	243.9
16255230	169.71
16257104	10998.4
16253728	52
16253056	48.13
16257172	5160
16257577	14020
16257392	799.2
16252160	278.94
16254560	3643.2
16255968	6646.4
16256208	59.94
16246281	15039.86
16256248	6256.8
16255286	114
16252921	1766.4
16256585	11400
16256472	21814.38
16254787	576.3
16250512	3192
16249803	538.36
16256791	3616.45
16252214	550.13
16256627	14790.6
16258002	8280
16255666	-52.38
16252655	34.22
16257172	135
16252589	6000
16257577	3040
16257506	24804
16250984	13
16254056	815.12
16255209	239.24
16252589	940
16257978	-44
16257150	795.9
16255010	4843.07
16257115	24000
16257916	10827
16257521	215.05
16255521	71.24
16255890	378.56
16257416	1649
16257399	30704.26
16256545	8502.4
16251962	974.4
16251530	55854
16255852	20240
16257964	1260.63
16255692	-43.2
16257691	-581
16251893	43.44
16256316	2.1
16253908	10738.7
16251473	79.33
16254611	364.4
16255951	1089.9
16250373	303.3
16255260	114
16257526	2058
16257893	5888
16256248	8106
16256202	90.54
16252725	112.5
16257577	66500
16253723	35.46
16255324	2378.75
16251957	25.76
16257172	1400
16256703	2233
16254214	214.2
16257900	2401.2
16255249	114
16252070	86.38
16258042	2886
16255890	760
16254598	258
16253101	2172
16252889	77.31
16258885	-28535
16253492	190.8
16256703	57.06
16252572	1057.5
16252014	69.15
16254810	538.2
16253331	26.92
16254805	77.28
16251684	23.05
16257570	2428
16257031	6.3
16257172	700
16254795	159.3
16253829	295
16256766	2160
16256271	48202.35
16253069	9.6
16253307	30
16252194	40.18
16256454	6187.44
16251886	219.06
16258131	-673.08
16257432	2622
16251951	10.6
16253245	333.3
16251649	87.77
16253122	25
16257398	2668
16257893	5683.46
16253371	22.93
16258037	5439.39
16256766	400
16254809	412.56
16255026	15.6
16257416	810
16254421	196
16257381	224.07
16255093	14746.68
16250413	24663
16257893	3032.4
16255852	4640
16255890	397.2
16257172	9860.4
16258020	997
16253677	5.92
16256926	1437.24
16257132	55062
16254924	3450
16257262	6850.8
16257416	2460
16256058	264.74
16251540	63.87
16256314	22.93
16251935	72.4
16251630	35.63
16257323	114.8
16253607	82.86
16256740	213.79
16253101	387.8
16256364	6429.92
16252655	62.08
16256919	6045.18
16257526	798
16255222	32700
16251522	1251.5
16250950	61552
16256740	675.38
16257979	-62.82
16256717	2746.59
16255367	7664
16253607	5640
16256705	5290.99
16258136	413.31
16254759	52
16256079	103.04
16253011	33653.34
16255859	807.6
16256858	237
16255503	259.4
16257986	-52.34
16257798	8045
16257874	2098
16250512	2840.4
16256676	48
16257535	1545.5
16256266	145.63
16258667	-724.8
16258137	406
16252035	522.34
16256473	4502.54
16253471	1315.8
16254912	39.9
16255890	480
16257577	10746
16252484	257.6
16257920	8226
16250449	9120
16257172	10593
16253145	127.92
16256477	2052.33
16252338	54.26
16256341	29.55
16251540	3344.7
16253760	86
16255886	2777.24
16256409	156.16
16252553	13.6
16254229	4752
16255516	267
16251890	23.7
16254213	371.4
16253607	210.65
16256308	68.79
16256222	13672
16257615	343.2
16256222	61257.6
16256585	19048
16252921	1228.2
16252766	23100
16258085	2163.6
16256482	4325
16253508	245
16258085	16350
16254959	88.53
16254481	31.8
16255890	7224
16253777	164.91
16250628	3309
16253023	244.8
16256845	2610.17
16250585	540
16252753	192.52
16254151	263.31
16258109	-6012
16258689	-362.4
16256231	2667.8
16255093	66927.24
16257963	34875.4
16257977	246240
16256676	107.3
16254628	6.95
16256585	2332
16251644	39.72
16257755	486
16254776	34.55
16252470	257.29
16253101	8846
16255282	114
16253806	52.6
16258037	4673.06
16254797	25.34
16257920	8654.4
16255913	9161.39
16257172	4221
16252230	350.18
16255129	89.64
16239584	270.4
16257967	157.2
16253486	129.57
16253162	91.41
16254514	79.04
16254769	64.82
16251944	71.3
16252624	26675
16255478	15.8
16254885	235
16258035	11100.04
16256023	6480
16251861	14.48
16254737	199.98
16251985	174.39
16257577	8140.5
16251928	219.68
16256577	3653.81
16251956	17.33
16253788	45.93
16254851	55.2
16257977	69876
16251215	42.6
16252551	1370.25
16256278	14017.66
16254715	1777
16254659	77.28
16254578	23.99
16255006	20.5
16252899	28.39
16253354	29.79
16253340	13.6
16257920	8379
16254916	21
16257392	1755.5
16247852	1018.8
16258247	88.32
16255499	76.8
16257416	234
16251886	2240.2
16257920	6088
16255226	242.2
16256454	554.19
16253276	13.9
16256167	758
16252651	46
16255222	40000
16255965	75
16257051	24
16254771	219.5
16252956	1814.4
16256412	83571.48
16258051	9860.4
16257790	156.3
16258184	-50.4
16256248	32004
16256810	3238
16256919	1969.1
16256301	1196.1
16257775	108
16253607	1560
16253537	175
16256600	72480
16253510	23.46
16254402	499.1
16256341	42.56
16251540	6.9
16256545	1354.51
16255295	1501.5
16255270	114
16256339	16
16254506	4.8
16252908	39
16258085	1067
16252655	92.3
16254306	5953.58
16253537	439.8
16251307	25
16257893	33212
16253512	320.88
16254667	56.14
16252001	23.05
16255114	4506.6
16252863	590
16255426	660.3
16256552	22.8
16245217	2508
16257148	41447.6
16253480	27.23
16256542	5641.2
16257256	2350.5
16258077	34580
16251196	367.5
16256135	158460
16257915	1012.8
16255890	10989
16256460	2178
16254416	182.2
16256463	1188.06
16254716	4920.72
16255554	2282
16256815	232.2
16250542	17.68
16255716	-100
16257446	58.04
16256766	255
16257416	11592
16257556	-24
16257798	2896
16257913	1500